1.3166666666666667
1.3166666666666667
2.55
2.55
3.15
3.15
3.6333333333333333
3.6333333333333333
4.416666666666667
4.416666666666667
5.183333333333334
5.183333333333334
6.733333333333333
6.733333333333333
6.683333333333334
6.683333333333334
7.9
7.9
7.933333333333334
7.933333333333334
9.483333333333333
9.483333333333333
9.516666666666667
9.516666666666667
10.266666666666667
10.266666666666667
11.45
11.45
12.15
12.15
12.916666666666666
12.916666666666666
14.183333333333334
14.183333333333334
14.916666666666666
14.916666666666666
15.383333333333333
15.383333333333333
16.783333333333335
16.783333333333335
18.633333333333333
18.633333333333333
19.166666666666668
19.166666666666668
20.1
20.1
20.95
20.95
22.283333333333335
22.283333333333335
22.783333333333335
22.783333333333335
23.583333333333332
23.583333333333332
24.733333333333334
24.733333333333334
25.766666666666666
25.766666666666666
26.133333333333333
26.133333333333333
26.53448275862069
26.53448275862069
25.616666666666667
25.616666666666667
25.8
25.8
25.583333333333332
25.583333333333332
25.533333333333335
25.533333333333335
24.816666666666666
24.816666666666666
24.25
24.25
24.533333333333335
24.533333333333335
24.233333333333334
24.233333333333334
24.233333333333334
24.233333333333334
24.35
24.35
24.566666666666666
24.566666666666666
25.166666666666668
25.166666666666668
24.85
24.85
25.716666666666665
25.716666666666665
25.3
25.3
25.17241379310345
25.17241379310345
23.93103448275862
23.93103448275862
22.966666666666665
22.966666666666665
22.66111111111111
22.66111111111111
22.52777777777778
22.52777777777778
21.66111111111111
21.66111111111111
21.76111111111111
21.76111111111111
21.777777777777775
21.777777777777775
21.46111111111111
21.46111111111111
21.32777777777778
21.32777777777778
21.044444444444444
21.044444444444444
20.661111111111108
20.661111111111108
20.244444444444447
20.244444444444447
20.57777777777778
20.57777777777778
20.994444444444444
20.994444444444444
21.444444444444443
21.444444444444443
21.27777777777778
21.27777777777778
21.92528735632184
21.92528735632184
21.373563218390807
21.373563218390807
20.844444444444445
20.844444444444445
20.994444444444444
20.994444444444444
21.12777777777778
21.12777777777778
21.327777777777776
21.327777777777776
21.12777777777778
21.12777777777778
20.87777777777778
20.87777777777778
21.211111111111112
21.211111111111112
21.094444444444445
21.094444444444445
20.977777777777774
20.977777777777774
20.661111111111108
20.661111111111108
20.694444444444443
20.694444444444443
21.52777777777778
21.52777777777778
22.227777777777774
22.227777777777774
22.316666666666666
22.316666666666666
22.316666666666666
22.316666666666666
22.603448275862068
22.603448275862068
21.75862068965517
21.75862068965517
21.051724137931036
21.051724137931036
20.483333333333334
20.483333333333334
20.216666666666665
20.216666666666665
20.25
20.25
20.466666666666665
20.466666666666665
20.6
20.6
20.583333333333332
20.583333333333332
20.533333333333335
20.533333333333335
20.15
20.15
20.25
20.25
20.05
20.05
20.95
20.95
21.166666666666668
21.166666666666668
21.466666666666665
21.466666666666665
21.8
21.8
21.616666666666667
21.616666666666667
22.17241379310345
22.17241379310345
21.29310344827586
21.29310344827586
20.583333333333332
20.583333333333332
20.266666666666666
20.266666666666666
20.05
20.05
20.316666666666666
20.316666666666666
20.216666666666665
20.216666666666665
20.45
20.45
20.166666666666668
20.166666666666668
20.3
20.3
20.533333333333335
20.533333333333335
20.833333333333332
20.833333333333332
21.5
21.5
22.616666666666667
22.616666666666667
23.05
23.05
23.3
23.3
23.283333333333335
23.283333333333335
24.103448275862068
24.103448275862068
23.137931034482758
23.137931034482758
22.310344827586206
22.310344827586206
21.711111111111112
21.711111111111112
21.87777777777778
21.87777777777778
21.861111111111107
21.861111111111107
21.944444444444443
21.944444444444443
22.36111111111111
22.36111111111111
22.311111111111114
22.311111111111114
22.34444444444444
22.34444444444444
22.261111111111113
22.261111111111113
22.06111111111111
22.06111111111111
22.294444444444444
22.294444444444444
22.844444444444445
22.844444444444445
23.294444444444444
23.294444444444444
23.61111111111111
23.61111111111111
23.56111111111111
23.56111111111111
23.42777777777778
23.42777777777778
23.64942528735632
23.64942528735632
22.89080459770115
22.89080459770115
22.227777777777778
22.227777777777778
22.144444444444446
22.144444444444446
22.227777777777778
22.227777777777778
21.994444444444444
21.994444444444444
22.061111111111114
22.061111111111114
21.76111111111111
21.76111111111111
21.61111111111111
21.61111111111111
21.61111111111111
21.61111111111111
21.744444444444444
21.744444444444444
21.54444444444444
21.54444444444444
22.394444444444446
22.394444444444446
23.227777777777778
23.227777777777778
23.25
23.25
23.4
23.4
23.283333333333335
23.283333333333335
23.689655172413794
23.689655172413794
22.948275862068964
22.948275862068964
22.133333333333333
22.133333333333333
22.366666666666667
22.366666666666667
22.316666666666666
22.316666666666666
22.333333333333332
22.333333333333332
22.066666666666666
22.066666666666666
22.083333333333332
22.083333333333332
22.166666666666668
22.166666666666668
22.1
22.1
21.933333333333334
21.933333333333334
22.0
22.0
22.233333333333334
22.233333333333334
23.016666666666666
23.016666666666666
23.15
23.15
23.483333333333334
23.483333333333334
23.2
23.2
23.724137931034484
23.724137931034484
22.655172413793103
22.655172413793103
21.783333333333335
21.783333333333335
21.566666666666666
21.566666666666666
21.516666666666666
21.516666666666666
21.35
21.35
21.1
21.1
21.083333333333332
21.083333333333332
21.02777777777778
21.02777777777778
20.76111111111111
20.76111111111111
20.56111111111111
20.56111111111111
20.094444444444445
20.094444444444445
20.02777777777778
20.02777777777778
20.59444444444444
20.59444444444444
20.694444444444446
20.694444444444446
20.46111111111111
20.46111111111111
20.177777777777774
20.177777777777774
20.494252873563216
20.494252873563216
19.666666666666668
19.666666666666668
18.97701149425287
18.97701149425287
18.07777777777778
18.07777777777778
18.044444444444444
18.044444444444444
18.144444444444446
18.144444444444446
18.26111111111111
18.26111111111111
18.494444444444447
18.494444444444447
18.41111111111111
18.41111111111111
17.944444444444446
17.944444444444446
18.194444444444443
18.194444444444443
18.444444444444446
18.444444444444446
18.661111111111108
18.661111111111108
19.494444444444444
19.494444444444444
19.994444444444444
19.994444444444444
20.394444444444442
20.394444444444442
20.677777777777774
20.677777777777774
20.81111111111111
20.81111111111111
21.390804597701152
21.390804597701152
20.735632183908045
20.735632183908045
20.0
20.0
19.87777777777778
19.87777777777778
20.411111111111108
20.411111111111108
20.727777777777774
20.727777777777774
21.17777777777778
21.17777777777778
21.694444444444443
21.694444444444443
22.161111111111108
22.161111111111108
22.544444444444444
22.544444444444444
22.827777777777776
22.827777777777776
23.144444444444442
23.144444444444442
24.21111111111111
24.21111111111111
25.477777777777774
25.477777777777774
26.227777777777774
26.227777777777774
26.34444444444444
26.34444444444444
26.427777777777774
26.427777777777774
26.527777777777775
26.527777777777775
26.821839080459768
26.821839080459768
25.95977011494253
25.95977011494253
25.561111111111114
25.561111111111114
25.42777777777778
25.42777777777778
25.27777777777778
25.27777777777778
25.411111111111108
25.411111111111108
25.32777777777778
25.32777777777778
25.427777777777774
25.427777777777774
25.394444444444442
25.394444444444442
25.244444444444447
25.244444444444447
25.37777777777778
25.37777777777778
25.261111111111113
25.261111111111113
26.34444444444444
26.34444444444444
27.327777777777776
27.327777777777776
27.233333333333334
27.233333333333334
27.266666666666666
27.266666666666666
27.066666666666666
27.066666666666666
27.344827586206897
27.344827586206897
26.25862068965517
26.25862068965517
25.366666666666667
25.366666666666667
25.15
25.15
24.833333333333332
24.833333333333332
24.833333333333332
24.833333333333332
24.7
24.7
24.516666666666666
24.516666666666666
24.633333333333333
24.633333333333333
24.583333333333332
24.583333333333332
24.7
24.7
24.383333333333333
24.383333333333333
24.766666666666666
24.766666666666666
25.65
25.65
25.733333333333334
25.733333333333334
25.55
25.55
25.583333333333332
25.583333333333332
25.913793103448278
25.913793103448278
24.862068965517242
24.862068965517242
23.733333333333334
23.733333333333334
23.561111111111114
23.561111111111114
23.661111111111108
23.661111111111108
23.761111111111113
23.761111111111113
23.644444444444446
23.644444444444446
23.944444444444446
23.944444444444446
23.844444444444445
23.844444444444445
23.644444444444442
23.644444444444442
23.577777777777776
23.577777777777776
23.71111111111111
23.71111111111111
23.92777777777778
23.92777777777778
24.861111111111107
24.861111111111107
25.444444444444443
25.444444444444443
25.06111111111111
25.06111111111111
25.26111111111111
25.26111111111111
24.977777777777774
24.977777777777774
25.01149425287356
25.01149425287356
24.02873563218391
24.02873563218391
23.48333333333333
23.48333333333333
23.116666666666667
23.116666666666667
23.016666666666666
23.016666666666666
23.2
23.2
23.38333333333333
23.38333333333333
23.416666666666664
23.416666666666664
23.333333333333332
23.333333333333332
23.399999999999995
23.399999999999995
23.533333333333335
23.533333333333335
23.6
23.6
24.749999999999996
24.749999999999996
25.616666666666667
25.616666666666667
25.688888888888886
25.688888888888886
25.47222222222222
25.47222222222222
25.32222222222222
25.32222222222222
25.64367816091954
25.64367816091954
24.626436781609197
24.626436781609197
23.855555555555558
23.855555555555558
24.17222222222222
24.17222222222222
24.23888888888889
24.23888888888889
24.138888888888893
24.138888888888893
23.938888888888886
23.938888888888886
24.22222222222222
24.22222222222222
24.255555555555553
24.255555555555553
24.13888888888889
24.13888888888889
24.105555555555558
24.105555555555558
24.33888888888889
24.33888888888889
24.905555555555555
24.905555555555555
25.838888888888892
25.838888888888892
25.7
25.7
26.0
26.0
26.05
26.05
26.448275862068964
26.448275862068964
25.310344827586206
25.310344827586206
24.533333333333335
24.533333333333335
24.616666666666667
24.616666666666667
24.483333333333334
24.483333333333334
24.483333333333334
24.483333333333334
24.366666666666667
24.366666666666667
24.466666666666665
24.466666666666665
24.366666666666667
24.366666666666667
24.4
24.4
24.316666666666666
24.316666666666666
24.416666666666668
24.416666666666668
24.616666666666667
24.616666666666667
25.65
25.65
25.65
25.65
25.45
25.45
25.483333333333334
25.483333333333334
25.82758620689655
25.82758620689655
24.96551724137931
24.96551724137931
23.716666666666665
23.716666666666665
23.422222222222224
23.422222222222224
23.472222222222225
23.472222222222225
23.588888888888892
23.588888888888892
23.32222222222222
23.32222222222222
23.37222222222222
23.37222222222222
23.37222222222222
23.37222222222222
23.522222222222222
23.522222222222222
23.655555555555555
23.655555555555555
23.572222222222226
23.572222222222226
23.305555555555557
23.305555555555557
24.122222222222224
24.122222222222224
24.272222222222226
24.272222222222226
24.47222222222222
24.47222222222222
24.438888888888886
24.438888888888886
24.505555555555556
24.505555555555556
24.2816091954023
24.2816091954023
23.47126436781609
23.47126436781609
22.436781609195403
22.436781609195403
21.45402298850575
21.45402298850575
20.52298850574713
20.52298850574713
19.557471264367816
19.557471264367816
18.488505747126435
18.488505747126435
17.591954022988503
17.591954022988503
16.695402298850574
16.695402298850574
15.867816091954024
15.867816091954024
14.988505747126437
14.988505747126437
14.091954022988505
14.091954022988505
14.091954022988505
14.091954022988505
14.091954022988505
14.091954022988505
13.241379310344827
13.241379310344827
12.172413793103448
12.172413793103448
11.571428571428571
11.571428571428571
10.981481481481481
10.981481481481481
9.962962962962964
9.962962962962964
9.074074074074074
9.074074074074074
8.0
8.0
7.092592592592593
7.092592592592593
6.0
6.0
5.074074074074074
5.074074074074074
4.203703703703703
4.203703703703703
3.240740740740741
3.240740740740741
2.3518518518518516
2.3518518518518516
1.3333333333333333
1.3333333333333333
0.1481481481481481
0.1481481481481481
