1300
1300
1215
1316
1448
1598
1489
1368
1580
1514
1387
1390
1444
1482
1440
1474
1458
1549
1546
1420
1384
1395
1510
1441
1601
1614
1599
1488
1457
1348
1274
1406
1463
1568
1385
1309
2807
3499
4509
4175
4759
4253
4718
4832
4953
4732
4512
4773
4487
4400
4800
4801
4488
4718
4703
4804
4478
4278
4813
4682
1
4303
4506
4638
4187
4604
4897
4309
4538
4494
4577
4402
4634
4162
4470
4589
4475
4459
4651
4732
4312
4691
4946
4363
4962
4958
4849
4489
4337
4729
4475
9
5563
5948
6788
6901
6901
6841
6904
6959
6856
6901
6858
6824
6854
6376
6724
6767
6780
6783
6706
6739
6718
6752
6680
6756
6725
6758
6752
6818
6832
6856
6
7269
6730
6804
6830
6891
6986
6986
6914
6806
6807
6849
6832
6854
6753
6936
6745
6822
6771
6783
6798
6805
6876
6838
6889
6991
6855
6924
6826
6953
6869
6542
6950
6939
7023
6892
6932
6822
6880
6936
6895
6814
6893
7004
6951
6971
6924
6892
6909
6865
6929
6916
6947
7024
6899
6872
6952
6907
6920
6937
6972
6971
7269
7166
7299
7211
7260
7250
7193
7208
7339
7372
7406
7307
7299
7248
7206
7272
6882
7143
7164
7102
7223
7253
7184
7173
7152
7178
7148
7135
7158
6269
6662
6716
6737
6670
6684
6727
6677
6705
6687
6672
6732
6676
6674
6665
6700
6614
6744
6737
6663
6768
6614
6723
6691
6703
6703
6669
6738
6780
6654
6519
6751
6765
6781
6777
6788
6764
6781
6767
6771
6882
6786
6816
6833
6801
6795
6821
6835
6785
6806
6820
6744
6732
6818
6769
6781
6787
6813
6823
6836
6
6971
6770
6736
6850
6765
6764
6702
6762
6743
6753
6714
6796
6742
6797
6757
6690
6765
6808
6764
6750
6739
6833
6785
6788
6746
6783
6740
6774
6774
6724
8719
9387
9452
9376
9435
9312
9434
9424
9573
9319
9414
9449
9376
9437
9353
9585
9563
9425
9459
9332
9361
9525
9368
9512
9465
9453
9526
9379
9442
9556
7047
6639
6730
6652
6686
6740
6818
6625
6956
6777
6684
6690
6431
6654
6622
6711
6652
6630
6636
6648
6563
6591
6652
6677
6724
6547
6610
6671
6657
6670
7052
6822
6885
6738
6882
6850
6846
6849
6843
6904
6869
6855
6864
6826
6865
6831
6878
6964
6881
6899
6881
6854
6882
6840
6866
6868
6828
6852
6842
6819
6964
6777
6743
6693
6726
6725
6753
6732
6657
6676
6715
6713
6735
6664
6766
6713
6646
6735
6690
6745
6677
6715
6708
6742
6676
6624
6688
6692
6581
6657
6206
6577
6594
6510
6572
6533
6554
6545
6686
6557
6604
6483
6664
6558
6539
6513
6525
6624
6583
6530
6648
6536
6512
6629
6529
6565
6577
6535
6520
6583
15
6775
6637
6693
6671
6602
6586
6669
6735
6595
6643
6639
6681
6666
6662
6695
6675
6703
6642
6672
6698
6652
6642
6612
6703
6668
6656
6662
6653
6628
6538
5657
6492
6409
6452
6494
6430
6375
6466
6525
6443
6492
6430
6472
6473
6510
6482
6462
6486
6426
6475
6507
6487
6375
6529
6528
6484
6429
6522
6485
6553
21
6169
6507
6485
6445
6539
6557
6492
6593
6562
6594
6502
6543
6512
6518
6496
6558
6458
6560
6485
6506
6498
6507
6545
6517
6522
6551
6459
6525
6504
6522
6298
6723
6702
6752
6728
6672
6676
6682
6707
6754
6689
6661
6748
6755
6711
6661
6749
6665
6761
6770
6703
6717
6746
6751
6634
6739
6697
6724
6737
6698
5
6206
6852
6781
6895
6831
6793
6814
6809
6850
6771
6793
6766
6816
6798
6808
6855
6865
6825
6838
6796
6863
6816
6829
6762
6827
6816
6856
6822
6838
6782
9
